
REM Gerätekennung    BlockAnfang  BlockEnde  Klasse

"5578"____________;  1;           9;         1
"5578"____________;  10;          18;        1
"5578"____________;  22;          23;        1
"5578"____________;  24;          40;        1
"5578"____________;  57;          67;        2
"5578"____________;  88;          113;       2
"5578"____________;  114;         121;       2
"5578"____________;  122;         144;       3
"5578"____________;  145;         172;       2
"5578"____________;  176;         215;       3
"5578"____________;  222;         238;       3
"5578"____________;  245;         255;       3
"5578"____________;  300;         309;       3
"5578"____________;  322;         338;       3
"5578"____________;  401;         427;       3
"5578"____________;  501;         537;       3
"5578"____________;  601;         631;       3
"5578"____________;  701;         733;       3
"5578"____________;  801;         817;       3
"5578"____________;  901;         929;       3
"5578"____________;  998;         1010;      3
"5578"____________;  1025;        1046;      3
"5578"____________;  1200;        1213;      3
"5578"____________;  1224;        1238;      3
"5578"____________;  1400;        1413;      3
"5578"____________;  1424;        1438;      3
"5578"____________;  1800;        1812;      3
"5578"____________;  1825;        1845;      3
"5578"____________;  2101;        2128;      3
"5578"____________;  2201;        2224;      3
"5578"____________;  2301;        2328;      3
"5578"____________;  3101;        3128;      3
"5578"____________;  3201;        3228;      3
"5578"____________;  3301;        3328;      3
"5578"____________;  4000;        4016;      3
"5578"____________;  4100;        4123;      2
"5578"____________;  4200;        4209;      3
"5578"____________;  6000;        6001;      3
"5578"____________;  9910;        9914;      3


