
REM Gerätekennung    BlockAnfang  BlockEnde  Klasse

"5578"____________;  40001;       40006;     3
"5578"____________;  40010;       40032;     1
"5578"____________;  40034;       40054;     1
"5578"____________;  40057;       40085;     3
"5578"____________;  40099;       40125;     3
"5578"____________;  40130;       40142;     3
"5578"____________;  40143;       40167;     3
"5578"____________;  40201;       40215;     2
"5578"____________;  40300;       40320;     2
"5578"____________;  40500;       40513;     3
"5578"____________;  40700;       40712;     3
"5578"____________;  40900;       40932;     2
"5578"____________;  41000;       41045;     2
"5578"____________;  41046;       41072;     3
"5578"____________;  41090;       41105;     3
"5578"____________;  41200;       41244;     2
"5578"____________;  41249;       41272;     2
"5578"____________;  41400;       41444;     2
"5578"____________;  41449;       41472;     2
"5578"____________;  41800;       41807;     2
"5578"____________;  41808;       41813;     2
"5578"____________;  41827;       41850;     2
"5578"____________;  41863;       41871;     2
"5578"____________;  41900;       41903;     2
"5578"____________;  42000;       42003;     3
"5578"____________;  42200;       42203;     3
"5578"____________;  42400;       42403;     3
"5578"____________;  46400;       46433;     3
"5578"____________;  46470;       46478;     3
"5578"____________;  46488;       46494;     3
"5578"____________;  46500;       46530;     3
"5578"____________;  46531;       46562;     3
"5578"____________;  46563;       46593;     3
"5578"____________;  46594;       46624;     3
"5578"____________;  46625;       46658;     3
"5578"____________;  46750;       46772;     3
"5578"____________;  46775;       46782;     3
"5578"____________;  46786;       46793;     3
"5578"____________;  46798;       46874;     3
"5578"____________;  46875;       46908;     3
"5578"____________;  47000;       47030;     3
"5578"____________;  47031;       47062;     3
"5578"____________;  47063;       47093;     3
"5578"____________;  47094;       47124;     3
"5578"____________;  47125;       47158;     3
"5578"____________;  47250;       47272;     3
"5578"____________;  47275;       47282;     3
"5578"____________;  47286;       47293;     3
"5578"____________;  47298;       47374;     3
"5578"____________;  47375;       47408;     3
"5578"____________;  47500;       47530;     3
"5578"____________;  47531;       47562;     3
"5578"____________;  47563;       47593;     3
"5578"____________;  47594;       47624;     3
"5578"____________;  47625;       47658;     3
"5578"____________;  47750;       47772;     3
"5578"____________;  47775;       47782;     3
"5578"____________;  47786;       47793;     3
"5578"____________;  47798;       47874;     3
"5578"____________;  47875;       47908;     3
"5578"____________;  410506;      410506;    3
"5578"____________;  410800;      410820;    3
"5578"____________;  411000;      411032;    1
"5578"____________;  411100;      411144;    2
"5578"____________;  411149;      411172;    2
"5578"____________;  411200;      411244;    2
"5578"____________;  411249;      411272;    2
"5578"____________;  411300;      411344;    2
"5578"____________;  411349;      411372;    2
